000032
000033
000228
000256
000325
000431
000552
000657
000845
000887
000908
000936
001230
001270
001332
001436
001557
001708
001761
001858
001870
001922
002001
002255
002279
002354
002439
002472
002737
002765
002869
002873
003133
003183
003229
003233
003365
003369
003493
003773
003993
004009
004052
004196
004224
004379
004391
004452
004470
004570
004643
004748
004841
004905
005016
005108
005290
005358
005391
005406
005487
005509
005574
005600
005895
006025
006067
006162
006208
006279
006349
006374
006433
006523
006564
006636
006773
006794
006909
007033
007088
007152
007375
007413
007503
007654
007820
007864
007976
008252
008280
008310
008372
008495
008523
008723
008770
008847
008905
008971
009063
009272
009307
009365
009394
009432
009476
009523
009615
009629
009702
009911
