000034
000036
000042
000044
000061
000064
000077
000078
000112
000122
000140
000141
000147
000154
000187
000189
000198
000207
000209
000225
000235
000242
000250
000294
000306
000307
000312
000344
000349
000370
000379
000391
000395
000400
000416
000430
000450
000454
000484
000489
000496
000503
000508
000519
000528
000537
000544
000549
000550
000559
000565
000592
000609
000622
000632
000635
000671
000680
000689
000699
000710
000711
000729
000740
000761
000767
000768
000774
000796
000804
000820
000827
000830
000849
000850
000867
000889
000899
000900
000912
000919
000929
000950
000951
000954
000958
000962
000964
000965
000980
000989
000993
000997
001002
001010
001015
001043
001073
001077
001078
001082
001106
001127
001130
001156
001158
001172
001174
001182
001191
001194
001204
001205
001207
001209
001214
001226
001239
001263
001273
001299
001312
001314
001323
001326
001345
001348
001365
001395
001402
001404
001418
001442
001453
001457
001468
001470
001483
001486
001512
001517
001528
001529
001539
001555
001590
001597
001607
001610
001612
001633
001636
001643
001650
001661
001669
001673
001680
001683
001684
001707
001713
001714
001732
001733
001734
001738
001739
001741
001750
001752
001768
001777
001787
001825
001834
001840
001853
001892
001896
001898
001906
001915
001952
001971
001981
001985
001995
002002
002004
002006
002015
002020
002025
002027
002034
002037
002039
002047
002049
002068
002095
002126
002132
002139
002151
002158
002166
002179
002192
002196
002199
002208
002212
002215
002234
002237
002253
002280
002284
002287
002310
002315
002320
002321
002323
002334
002335
002347
002350
002359
002368
002392
002423
002442
002445
002461
002465
002466
002468
002480
002494
002496
002500
002502
002512
002547
002569
002571
002579
002590
002594
002603
002609
002627
002634
002635
002645
002648
002653
002664
002680
002683
002697
002702
002722
002738
002745
002749
002757
002763
002766
002778
002782
002791
002796
002801
002816
002817
002820
002844
002845
002866
002868
002906
002919
002934
002953
002956
002957
002969
002989
002995
003011
003047
003061
003066
003074
003085
003105
003108
003110
003116
003135
003146
003149
003155
003157
003161
003163
003169
003184
003202
003204
003211
003242
003244
003254
003269
003273
003279
003308
003330
003337
003338
003339
003343
003349
003354
003356
003374
003392
003401
003408
003413
003421
003430
003439
003441
003452
003477
003489
003491
003497
003499
003500
003506
003508
003509
003511
003522
003524
003525
003549
003564
003565
003586
003588
003599
003604
003605
003609
003614
003622
003627
003629
003635
003642
003646
003656
003658
003671
003679
003681
003695
003698
003704
003705
003714
003743
003748
003752
003758
003763
003767
003784
003786
003788
003792
003807
003818
003828
003830
003834
003861
003866
003874
003887
003890
003898
003907
003912
003921
003935
003949
003956
003969
003983
003988
003991
004005
004013
004023
004034
004035
004037
004093
004095
004100
004106
004120
004129
004131
004140
004149
004152
004163
004164
004171
004189
004190
004200
004220
004221
004241
004247
004253
004256
004263
004271
004272
004280
004315
004318
004325
004333
004345
004347
004371
004376
004434
004436
004441
004484
004500
004502
004510
004514
004524
004540
004548
004549
004551
004565
004566
004579
004584
004587
004597
004612
004623
004627
004628
004636
004644
004651
004671
004675
004683
004701
004702
004710
004714
004735
004737
004743
004754
004773
004776
004783
004792
004794
004799
004837
004842
004848
004849
004869
004876
004885
004907
004910
004911
004929
004951
004955
004958
004966
004972
004974
004984
004991
004992
005001
005004
005006
005007
005018
005023
005026
005032
005033
005058
005073
005078
005084
005101
005121
005130
005138
005143
005153
005168
005171
005177
005181
005183
005186
005191
005202
005203
005217
005223
005244
005246
005285
005288
005292
005337
005338
005345
005360
005363
005369
005388
005389
005404
005408
005420
005433
005440
005445
005455
005514
005515
005519
005524
005544
005579
005591
005601
005603
005605
005624
005625
005630
005637
005654
005668
005686
005697
005699
005705
005710
005713
005715
005718
005730
005735
005742
005752
005769
005789
005803
005805
005813
005817
005821
005838
005843
005851
005860
005864
005867
005888
005893
005901
005909
005911
005920
005947
005960
005964
005980
005983
006020
006023
006030
006061
006065
006066
006070
006074
006078
006088
006091
006096
006100
006105
006123
006131
006135
006141
006166
006170
006174
006181
006183
006189
006230
006247
006251
006262
006264
006267
006270
006275
006291
006299
006304
006305
006353
006363
006366
006367
006371
006400
006411
006418
006419
006434
006436
006447
006448
006462
006466
006470
006472
006474
006495
006499
006501
006515
006547
006548
006549
006556
006569
006595
006597
006605
006622
006627
006635
006638
006652
006674
006684
006689
006694
006704
006708
006726
006740
006755
006781
006805
006806
006825
006844
006845
006848
006849
006852
006869
006883
006899
006914
006916
006917
006930
006947
006971
006976
007002
007006
007011
007025
007029
007039
007050
007062
007064
007072
007075
007078
007089
007092
007095
007105
007113
007125
007130
007166
007168
007177
007180
007193
007194
007197
007219
007222
007223
007241
007250
007263
007289
007295
007322
007323
007327
007334
007351
007361
007365
007370
007373
007385
007389
007394
007411
007417
007419
007421
007425
007431
007437
007454
007458
007467
007474
007477
007481
007491
007513
007519
007521
007524
007530
007536
007538
007544
007565
007575
007600
007621
007633
007655
007685
007692
007696
007704
007713
007729
007740
007749
007753
007762
007767
007775
007781
007791
007803
007831
007838
007840
007847
007853
007854
007859
007863
007876
007885
007900
007908
007914
007923
007925
007926
007939
007959
007968
007974
007980
007991
008004
008005
008012
008017
008049
008051
008062
008063
008064
008067
008075
008076
008084
008095
008106
008116
008117
008121
008150
008166
008186
008202
008203
008213
008223
008226
008235
008254
008260
008262
008269
008282
008316
008317
008322
008338
008342
008346
008351
008384
008403
008409
008422
008425
008426
008442
008443
008456
008462
008465
008468
008477
008506
008530
008533
008536
008558
008568
008588
008615
008645
008655
008670
008688
008691
008710
008720
008725
008732
008741
008755
008756
008757
008760
008764
008776
008783
008790
008806
008809
008811
008814
008815
008819
008840
008841
008856
008878
008883
008885
008926
008930
008933
008936
008948
008962
008967
008970
008973
008980
008985
008987
008988
008989
008995
008999
009016
009018
009027
009032
009042
009059
009066
009080
009086
009098
009099
009100
009108
009117
009144
009166
009173
009175
009181
009185
009196
009200
009215
009218
009227
009245
009252
009270
009271
009285
009289
009324
009325
009333
009339
009359
009386
009388
009389
009398
009417
009419
009422
009429
009446
009458
009463
009466
009488
009491
009508
009516
009528
009545
009549
009562
009566
009576
009584
009587
009605
009621
009634
009637
009650
009664
009679
009707
009709
009735
009749
009763
009790
009797
009805
009825
009832
009842
009852
009855
009860
009872
009884
009887
009896
009940
009945
009961
