000017
000133
000173
000194
000347
000372
000407
000470
000524
000577
000695
000764
000991
001064
001071
001287
001405
001420
001515
001556
001586
001690
001699
001766
001894
001945
001960
002042
002043
002187
002238
002249
002405
002448
002471
002555
002684
002713
002735
002774
002804
002858
003027
003290
003303
003424
003436
003625
003645
003732
003735
003779
003889
003939
003970
004146
004168
004307
004339
004372
004389
004537
004553
004625
004634
004656
004686
004815
004902
004968
004995
005094
005114
005236
005351
005453
005511
005568
005611
005636
005700
005728
005948
006095
006134
006285
006382
006429
006455
006459
006506
006836
006847
006858
006866
006911
007018
007138
007185
007234
007243
007308
007325
007526
007570
007594
007611
007637
007697
007748
007809
008019
008040
008142
008248
008311
008427
008437
008596
008610
008699
008731
008744
008862
008886
009020
009114
009148
009208
009251
009255
009318
009407
009465
009512
009807
009808
009851
009874
