000017
000023
000032
000035
000048
000066
000073
000083
000089
000104
000129
000133
000138
000159
000162
000163
000164
000171
000173
000174
000192
000193
000194
000200
000220
000222
000259
000276
000278
000282
000288
000320
000331
000337
000359
000367
000372
000382
000394
000407
000411
000438
000446
000463
000468
000470
000476
000477
000516
000518
000524
000525
000526
000535
000554
000555
000589
000597
000612
000625
000633
000654
000688
000695
000709
000726
000731
000733
000739
000753
000770
000793
000805
000810
000812
000828
000829
000851
000859
000860
000865
000892
000898
000902
000904
000906
000915
000943
000967
000987
000991
000996
000999
001001
001011
001014
001024
001036
001050
001057
001060
001064
001071
001079
001101
001113
001129
001140
001147
001151
001152
001168
001171
001212
001229
001234
001240
001248
001269
001279
001287
001304
001309
001315
001325
001327
001333
001346
001388
001390
001393
001405
001406
001408
001409
001414
001420
001421
001426
001427
001434
001450
001451
001455
001479
001480
001485
001498
001499
001501
001504
001521
001524
001526
001532
001548
001557
001563
001579
001580
001586
001593
001594
001611
001622
001627
001630
001649
001651
001654
001690
001711
001717
001721
001723
001729
001754
001758
001759
001766
001789
001800
001806
001809
001810
001828
001832
001836
001841
001843
001854
001861
001864
001894
001902
001903
001904
001930
001938
001941
001945
001950
001963
001977
001978
001980
001989
001999
002012
002051
002055
002061
002069
002096
002104
002108
002117
002120
002156
002170
002172
002176
002186
002187
002193
002194
002219
002221
002224
002238
002241
002256
002265
002277
002293
002306
002307
002311
002342
002362
002384
002401
002403
002405
002410
002413
002419
002433
002443
002448
002458
002472
002481
002483
002501
002514
002518
002533
002539
002545
002554
002555
002558
002564
002572
002595
002611
002625
002662
002669
002691
002710
002713
002715
002730
002735
002744
002755
002759
002795
002804
002807
002826
002834
002841
002855
002858
002864
002867
002870
002881
002899
002914
002931
002939
002958
002962
002975
002976
002987
002988
002990
002992
003002
003003
003024
003027
003034
003042
003063
003077
003088
003100
003106
003107
003122
003124
003134
003138
003140
003145
003147
003150
003159
003175
003181
003185
003188
003205
003236
003247
003253
003259
003260
003261
003270
003280
003282
003284
003290
003292
003303
003320
003355
003367
003369
003373
003380
003382
003395
003396
003406
003412
003416
003417
003424
003433
003436
003450
003466
003484
003487
003496
003529
003539
003548
003550
003575
003576
003577
003585
003603
003621
003625
003628
003644
003645
003662
003663
003664
003678
003688
003694
003699
003700
003732
003735
003740
003749
003751
003759
003779
003781
003797
003811
003817
003824
003827
003847
003849
003856
003859
003860
003865
003879
003889
003899
003913
003932
003939
003945
003953
003961
003970
003974
004012
004014
004017
004019
004028
004033
004058
004091
004092
004111
004121
004133
004136
004137
004138
004158
004168
004169
004170
004201
004209
004223
004224
004231
004232
004237
004244
004269
004270
004273
004287
004291
004292
004296
004322
004327
004339
004359
004360
004361
004370
004372
004387
004389
004392
004404
004470
004471
004479
004481
004496
004508
004517
004520
004537
004553
004562
004563
004571
004595
004604
004605
004611
004622
004631
004648
004656
004679
004685
004686
004687
004693
004694
004706
004715
004718
004723
004742
004753
004760
004779
004782
004790
004797
004801
004815
004828
004832
004846
004857
004879
004882
004897
004898
004902
004913
004946
004968
004976
004987
004990
004995
005024
005027
005029
005045
005052
005057
005061
005086
005090
005093
005097
005107
005114
005122
005124
005129
005134
005156
005173
005189
005190
005208
005219
005231
005236
005245
005257
005260
005269
005273
005283
005297
005303
005304
005307
005310
005311
005327
005336
005344
005351
005368
005374
005396
005405
005410
005413
005414
005417
005424
005448
005450
005451
005467
005478
005487
005496
005499
005508
005509
005511
005526
005527
005536
005541
005542
005547
005563
005574
005582
005585
005599
005600
005611
005631
005636
005639
005644
005648
005658
005669
005680
005695
005700
005704
005728
005731
005738
005740
005757
005764
005765
005780
005784
005786
005796
005814
005824
005826
005836
005840
005859
005873
005881
005884
005885
005889
005903
005905
005908
005923
005930
005938
005948
005951
005961
005971
005984
005990
005992
006004
006011
006033
006038
006043
006095
006103
006104
006130
006140
006156
006158
006171
006172
006175
006176
006177
006179
006180
006187
006221
006225
006229
006236
006238
006243
006272
006285
006289
006320
006341
006344
006352
006369
006381
006395
006427
006433
006442
006455
006459
006475
006476
006482
006483
006486
006503
006506
006536
006550
006551
006560
006602
006609
006610
006612
006626
006637
006648
006658
006695
006697
006698
006703
006707
006714
006727
006731
006738
006753
006777
006782
006784
006810
006824
006833
006836
006840
006847
006858
006864
006866
006868
006874
006887
006896
006910
006911
006919
006939
006943
006948
006950
006958
006959
006968
006983
007007
007016
007023
007036
007040
007045
007073
007079
007080
007093
007108
007121
007128
007129
007138
007150
007154
007159
007163
007182
007184
007213
007214
007234
007243
007256
007261
007271
007298
007305
007308
007325
007336
007369
007381
007398
007410
007413
007446
007466
007483
007493
007497
007526
007535
007540
007558
007566
007570
007572
007578
007590
007594
007606
007611
007619
007629
007631
007683
007697
007699
007718
007735
007748
007751
007777
007795
007809
007810
007814
007821
007836
007872
007877
007884
007901
007910
007911
007915
007932
007940
007953
007963
007996
008008
008019
008026
008040
008042
008043
008053
008072
008079
008082
008083
008096
008108
008127
008130
008139
008142
008163
008164
008188
008199
008204
008211
008216
008218
008232
008248
008253
008261
008263
008272
008301
008302
008312
008313
008315
008332
008341
008374
008381
008385
008391
008397
008398
008437
008449
008452
008453
008467
008470
008475
008482
008529
008550
008559
008585
008587
008596
008602
008617
008618
008628
008663
008676
008690
008699
008702
008731
008738
008744
008748
008768
008771
008794
008813
008862
008865
008872
008879
008886
008891
008900
008920
008932
008944
008960
008961
008975
008979
009000
009005
009020
009036
009045
009049
009068
009073
009078
009114
009123
009136
009153
009160
009161
009184
009197
009208
009209
009214
009230
009238
009242
009251
009259
009283
009287
009288
009290
009295
009296
009299
009306
009316
009318
009327
009336
009342
009343
009362
009377
009393
009394
009407
009410
009411
009413
009418
009420
009421
009424
009434
009460
009469
009490
009496
009497
009499
009504
009512
009518
009520
009524
009526
009537
009541
009542
009551
009557
009573
009577
009579
009585
009596
009600
009613
009614
009618
009638
009654
009656
009659
009666
009668
009671
009684
009691
009693
009703
009713
009717
009721
009734
009755
009756
009762
009776
009789
009792
009800
009813
009828
009845
009848
009851
009859
009868
009869
009874
009877
009878
009879
009882
009918
009926
009942
009944
009949
